landkreis,benzin,diesel,elektro,gas,hybrid,pih,sonstigeantriebe
"Flensburg, kreisfreie Stadt",60.918843702307214,36.91085375706976,0.32318879612173446,0.6351557590447976,0.915701589011581,0.26259089684890924,0.033665499596014004
"Kiel, kreisfreie Stadt",65.8141041794161,31.923395370603693,0.3167860614132978,0.6785701429137118,1.0106555311566292,0.24028942726520033,0.01619928723136182
"Lübeck, kreisfreie Stadt",67.56900478593717,30.31193875605767,0.3110357490443176,0.8478232514272528,0.7565192089658562,0.18762479055253997,0.016053458015190585
"Neumünster, kreisfreie Stadt",64.90946812523576,33.01112787627311,0.1673896642776311,0.8534515277253867,0.907676348547718,0.1390984534138061,0.011788004526593739
"Regionalverband Saarbrücken, Landkreis",68.19930170294714,29.82793083832179,0.20040812279172687,0.4248234686262128,1.1669597983393265,0.16596297668689883,0.014613092286896754
"Merzig-Wadern, Landkreis",62.35645061901294,36.101618956921186,0.14144865833846842,0.37813007674640076,0.9019102571284523,0.11343902302392024,0.007002408828637051
"Neunkirchen, Landkreis",69.78630098844494,28.26117221216762,0.14617847695948769,0.5371478954939904,1.0302102185716275,0.20650610237133976,0.03248410599099726
"Saarlouis, Landkreis",68.9670918672895,29.57240388070427,0.15046712181099534,0.3960055096418733,0.7725476104922745,0.11303748951970295,0.028446520541382206
Saarpfalz-Kreis,67.66253901548379,30.42085721862951,0.2111426181684653,0.5446867541157511,0.989412268712132,0.13872172014932985,0.032640404741018786
"Sankt Wendel, Landkreis",66.57735340445917,31.790649713385623,0.1380295870479531,0.5992107955375846,0.7892044624153555,0.08281775222877187,0.022734284925545217
"Dithmarschen, Landkreis",59.65477672794746,38.69357162040089,0.2954173685881003,0.6701823774994506,0.5566542151908006,0.1074244976684001,0.021973192704900023
"Herzogtum Lauenburg, Landkreis",64.45852289638165,33.480164973000555,0.27212041328287767,0.9906883796079765,0.6207746928015647,0.16667375313576258,0.011054891789616906
"Nordfriesland, Landkreis",59.19108391269826,38.77161725119585,0.5364370509518369,0.7097623796889827,0.5345004551000252,0.22270852295834384,0.0338904274067045
"Ostholstein, Landkreis",66.55602446773199,31.865743594606982,0.21259108223876588,0.7571087612815528,0.4599554269998578,0.1327706387216084,0.015806028419239098
"Pinneberg, Landkreis",68.23182290021212,29.63905312090987,0.2702306268899219,0.700681500203096,0.9404477140407095,0.20140361962359526,0.016360518120684207
"Plön, Landkreis",64.70786306665836,33.638461058801525,0.2618943692710607,0.6335349504271373,0.6248051381181019,0.11722890814990335,0.016212508573922802
"Rendsburg-Eckernförde, Landkreis",60.313276862167385,37.82800847067489,0.26816131111315716,0.7400331461191418,0.6974495902771384,0.14041064358714667,0.012659976061136176
"Schleswig-Flensburg, Landkreis",56.34473324213406,41.95583349618917,0.27359781121751026,0.79968731678718,0.4737150674223178,0.13132694938440492,0.021106116865350792
"Segeberg, Landkreis",64.6331070732594,33.24890793261065,0.3009517225761467,0.7991609108408173,0.802736574871425,0.19666152168342266,0.0184742641581397
"Steinburg, Landkreis",62.98888684226684,35.30545834100817,0.20752747590102538,0.8178301713022655,0.5489040338920612,0.11174556394670597,0.01964757168293731
"Stormarn, Landkreis",65.27883830537928,32.56404855314779,0.3199136364833198,0.7490981858395429,0.8689012348929671,0.19879407040733038,0.020406013849759076
"Berlin, kreisfreie Stadt",72.61552618932025,23.63191431703581,0.4000219414409141,1.2456679981628136,1.785689432003229,0.28965976848504993,0.03152035355193449
"Brandenburg an der Havel, kreisfreie Stadt",73.10882933054879,24.820164752291447,0.15373013110569672,0.6381250725142128,1.08771319178559,0.14792899408284024,0.043508527671423596
"Cottbus, kreisfreie Stadt",73.89949995901304,24.045003688826952,0.1229608984342979,0.6865316829248299,1.098450692679728,0.1004180670546766,0.04713501106648086
"Frankfurt (Oder), kreisfreie Stadt",75.73281222241961,21.890211405222953,0.12435601350151003,1.1263101794279624,0.9273405578255463,0.14212115828744004,0.05684846331497601
"Potsdam, kreisfreie Stadt",69.64174886767289,27.56803866418413,0.3380475115213459,1.0709239525148886,1.0709239525148886,0.26542011646793173,0.04489693512392875
"Barnim, Landkreis",71.18244107696245,26.240771804130063,0.19048702129474313,1.249064149584435,0.9533828030970726,0.15163145973710895,0.03222168519413565
"Dahme-Spreewald, Landkreis",68.0902412418307,29.031074728011664,0.20079352054754848,1.3003311162382105,1.1671123381826254,0.17569433047910493,0.03475272471015262
"Elbe-Elster, Landkreis",68.8132532982784,29.178479228369152,0.1409588368520249,0.9376138361393116,0.8014064207542089,0.07285512915947355,0.05543325044742552
"Havelland, Landkreis",69.75728258784922,27.57900568968824,0.1992456368401986,1.0793359899418244,1.213587060753937,0.1374475248790675,0.034095510047520615
"Märkisch-Oderland, Landkreis",70.9989387559481,26.52767792954709,0.1386464003286433,1.177638560816131,0.9722364862551779,0.14634897812467906,0.0385128889801787
"Oberhavel, Landkreis",70.83907811543952,26.45890271262492,0.20558841525596572,1.2718743626351214,1.053232714664491,0.1435855598613094,0.027738119518662042
"Oberspreewald-Lausitz, Landkreis",69.62557077625571,28.49923896499239,0.0684931506849315,0.8112633181126332,0.8675799086757991,0.0791476407914764,0.0487062404870624
"Oder-Spree, Landkreis",70.30308699719365,27.642656688493922,0.13096351730589337,1.050514499532273,0.7315247895229187,0.11131898971000935,0.029934518241347054
"Ostprignitz-Ruppin, Landkreis",66.06281230145784,32.08956505314491,0.1305012277418136,1.0938063430465168,0.4876624826141457,0.10302728505932654,0.0326253069354534
"Potsdam-Mittelmark, Landkreis",66.57129715528599,31.17569558675637,0.2650596774067808,1.0041084249998051,0.7632159534742308,0.19021929790368977,0.030403904173130745
"Prignitz, Landkreis",66.45084827601343,31.9930645479885,0.09437482167548229,0.7857252595307596,0.5728332199372297,0.07242718872769571,0.030726686126901215
"Spree-Neiße, Landkreis",72.21789773129343,26.18565747201268,0.13586764227182022,0.7472720324950112,0.587344495237556,0.08633256436021908,0.03962806232928089
"Teltow-Fläming, Landkreis",67.95716078324563,29.695631450444054,0.18190130638210947,1.187708529906715,0.7684600643950079,0.17995583786465374,0.029182027761835743
"Uckermark, Landkreis",71.23912566708093,26.8133635499671,0.13305066159807005,0.859711967249068,0.8333942539659331,0.08772571094378244,0.033628189195116606
"Rostock, kreisfreie Stadt",69.94995370424631,27.93919433668147,0.16408621558584638,0.8110547227528979,0.9610764055742432,0.13009692807163534,0.04453768708758688
"Schwerin, kreisfreie Stadt",68.02979870026947,29.68095464529131,0.1562393859112832,0.8921495369426895,1.0393315671489707,0.14718203020628126,0.054344134230011554
"Mecklenburgische Seenplatte, Landkreis",65.83619523363512,32.55212127519339,0.08949942761993965,0.6729801921809415,0.735421653311132,0.08464286953203594,0.02913934852742221
"Rostock, Landkreis",62.93723543079028,35.32894108660365,0.13367707438174353,0.7320411216143098,0.6922562780483147,0.13765555873834304,0.03819344982335529
"Vorpommern-Rügen, Landkreis",66.0227698421747,32.31102496864668,0.12541329380914376,0.6531263742528137,0.7565516230434711,0.10342524879065752,0.027688649282538235
"Nordwestmecklenburg, Landkreis",64.55727087214976,33.68600833998758,0.1341939490728418,1.0081181793984562,0.5001774465442286,0.09315943571998936,0.021071777127140447
"Vorpommern-Greifswald, Landkreis",68.26146091687335,30.05520441635331,0.09360748859908792,0.712857028562285,0.76166093287463,0.08000640051204096,0.03520281622529803
"Ludwigslust-Parchim, Landkreis",62.80653950953678,35.53900842494284,0.08221366156158978,0.9607253593911491,0.49876288014031134,0.07125184002004448,0.04149832440727865
"Chemnitz, kreisfreie Stadt",71.3232610179175,26.681055688689277,0.18885591404675375,0.6514735522369111,0.9768135722334195,0.13172303248639128,0.046817222389741474
Erzgebirgskreis,71.75839920948617,26.951086956521742,0.08250988142292491,0.5454545454545455,0.5335968379446641,0.0958498023715415,0.033102766798418976
"Mittelsachsen, Landkreis",69.82427039092462,28.549799333151498,0.09963763073960066,0.8193664382608502,0.5833532794139749,0.0818253168643648,0.04174761064508408
Vogtlandkreis,71.53149084339807,26.999956293069538,0.10343973542738094,0.5441512842553067,0.7051384781246813,0.08668541208350938,0.029137953641515755
"Zwickau, Landkreis",72.66832407766154,25.692022902406475,0.14367816091954022,0.6419777002884325,0.7022471910112359,0.11139093374660984,0.040359033966162985
"Dresden, kreisfreie Stadt",69.14486097916549,28.134262035995256,0.27537113812773895,0.8015970650427504,1.4166947583169525,0.1843104120060065,0.04290361134581624
"Bautzen, Landkreis",70.95932370194673,27.31509894010516,0.1144487385758596,0.7657560527901718,0.7005147428773629,0.09509750258477223,0.04976032111993896
"Görlitz, Landkreis",74.79193676550541,23.72617902499547,0.09688706731908606,0.7297896365689431,0.5178927411372729,0.08015836504816472,0.05715639942564789
"Meißen, Landkreis",69.74559970967157,28.315006350934496,0.13427690074396662,0.7084013790600617,0.9588096534204319,0.08927599346761024,0.04863001270186899
"Sächsische Schweiz-Osterzgebirge, Landkreis",71.06240192781887,27.007677650750956,0.1337984756780991,0.718728984532616,0.9176754091010983,0.11348352387357094,0.046234028244788165
"Leipzig, kreisfreie Stadt",71.98683901701192,25.224927631979277,0.3229395759625164,0.9714265844902075,1.2839347340420908,0.16342568043325192,0.04650677608073924
"Leipzig, Landkreis",69.44720659426926,28.571895852413974,0.1635483448907497,0.9544681407824153,0.6862488551615858,0.13410964281041476,0.04252256967159493
"Nordsachsen, Landkreis",69.85201797604925,28.57897425684276,0.08745573094807207,0.7515997471576887,0.6026652350481007,0.09784651086269451,0.029440543091430203
"Dessau-Roßlau, kreisfreie Stadt",73.86244894081885,23.87669801462905,0.16148950318229316,0.8596941198822077,1.0686805357651752,0.10686805357651753,0.06412083214591052
"Halle (Saale), kreisfreie Stadt",74.59805367774253,23.135128251387577,0.10294070827452272,0.8638529539738297,1.0952042364877055,0.14326799605217078,0.06155217608167337
"Magdeburg, kreisfreie Stadt",72.10750661820794,25.920043074438016,0.23780679319782833,0.6972674653385381,0.8273881635033876,0.17140036792749136,0.03858751738681743
Altmarkkreis Salzwedel,62.44077925652165,35.996382865792526,0.11205252707936073,0.8020601938312135,0.5288092944622461,0.08453085376162299,0.035385008551377065
"Anhalt-Bitterfeld, Landkreis",73.0059565484333,25.62608386561682,0.08940208317625137,0.5256411637350683,0.6344316504917115,0.07324508019259147,0.04523960835424767
"Börde, Landkreis",67.42578744618174,31.15983080293073,0.11802250925296472,0.7581765994410454,0.4088299720522698,0.09819472769846666,0.03115794244278269
Burgenlandkreis,71.75049435166513,26.466902911290795,0.10278598978013588,0.882001683732404,0.6147581103040508,0.12138535935939856,0.06167159386808153
"Harz, Landkreis",68.13039449943922,30.14499114123633,0.08289852245574682,0.8842509061946326,0.6022333837226312,0.11053136327432908,0.04470018367711839
"Jerichower Land, Landkreis",67.96390195683611,30.491131084222665,0.10067912647128816,0.6370242911274231,0.6882791191491698,0.07688224203262004,0.042102180160720495
"Mansfeld-Südharz, Landkreis",70.25489360635605,28.360359908769645,0.08897466101907316,0.5175568309982707,0.6729491967217224,0.06641770470437856,0.03884809143086292
Saalekreis,70.91273032411453,27.15988951435265,0.10576553267368274,0.772700255235831,0.8802139785322192,0.12499562952344323,0.04370476556763749
Salzlandkreis,71.90802329772904,26.379745394524655,0.05691627615777192,0.7863932155798821,0.7475004268720712,0.059762089965660514,0.06165929917091958
"Stendal, Landkreis",64.86601045542317,33.59236408734831,0.0863435846716589,0.7158668110959355,0.6436521766432753,0.07221463445266017,0.023548250364997882
"Wittenberg, Landkreis",72.16825902335457,26.01512738853503,0.0902335456475584,0.7603503184713376,0.8373142250530785,0.08492569002123143,0.043789808917197456
"Erfurt, kreisfreie Stadt",68.28448701085169,29.585251561986187,0.2671818480762907,0.7388605721802038,0.8580647813219335,0.23429792831305493,0.03185629727063466
"Gera, kreisfreie Stadt",71.55178060656347,26.62940238869844,0.10262232799842792,0.7052555732657918,0.8799318762418393,0.10480578178562851,0.026201445446407127
"Jena, kreisfreie Stadt",66.94770851313373,30.633561264909602,0.22571864834362346,0.6572395937064329,1.2901369802385536,0.2058022970191861,0.03983270264887472
"Suhl, kreisfreie Stadt",67.5033154870082,30.261800677832902,0.07367748907117246,0.6532737364310625,1.360577631514318,0.10314848469964144,0.04420649344270347
"Weimar, kreisfreie Stadt",64.93615645708745,28.175206077258768,5.016971068369161,0.6723775658639082,0.9568449975755616,0.20042023597866493,0.04202359786649426
"Eichsfeld, Landkreis",63.96687067589143,34.45482969664715,0.10477647684938797,0.9280202235231506,0.39748536455561473,0.12639701969132516,0.0216205428419372
"Nordhausen, Landkreis",69.85708833382807,28.71803570671303,0.15054493024044782,0.6403460413044401,0.500402866714728,0.11025825876765191,0.023323862431618676
Wartburgkreis,67.63977760041125,30.755806874906995,0.12310439523274846,0.794090989028828,0.5627629496354216,0.09063730198455108,0.03381988880020562
Unstrut-Hainich-Kreis,67.88368734368946,30.4043819789355,0.12152594314699355,0.7485293599633661,0.667512064532037,0.15498960865123815,0.01937370108140477
Kyffhäuserkreis,69.80175715251183,29.020049560711875,0.07434106780806488,0.5969813020950665,0.4077494931290831,0.06082451002478036,0.038296913719306144
"Schmalkalden-Meiningen, Landkreis",65.63435776201733,32.89204097714736,0.13396375098502758,0.6146572104018913,0.5936432886787497,0.09587601786183346,0.03546099290780142
"Gotha, Landkreis",68.68620522049841,29.673029176464404,0.2561643655662546,0.6476360626880181,0.5858938822694849,0.10903406329230325,0.042037229221128965
"Sömmerda, Landkreis",67.70846231952252,30.959161940612695,0.106490997795884,0.6810470789271651,0.4111047821887615,0.10401446296342158,0.029718417989549023
"Hildburghausen, Landkreis",64.22685656154628,34.51424211597151,0.0762970498474059,0.5747711088504578,0.508646998982706,0.05595116988809766,0.04323499491353001
Ilm-Kreis,67.04984100532249,31.103440066658735,0.29078170966041456,0.719302123896815,0.7090992568911865,0.10032819222201439,0.02720764534834289
"Weimarer Land, Landkreis",67.45186441379025,30.84606953032904,0.15304117634893388,0.6783446735466259,0.7135027816267864,0.13235993630178064,0.02481748805658387
"Sonneberg, Landkreis",71.69951654890295,26.818662928741027,0.12014760992075978,0.649369225047916,0.560688846296879,0.10298366564636552,0.048631175444117054
"Saalfeld-Rudolstadt, Landkreis",68.76014980280382,29.67056640042422,0.0961124183872999,0.6578729327544494,0.6843867033440494,0.10274086103469988,0.028170881251449974
Saale-Holzland-Kreis,67.59788958741838,30.406921506397943,0.11926661141320827,0.8207160039620772,0.8490165558228386,0.1698033111645677,0.03638642382097879
Saale-Orla-Kreis,66.52731271423194,32.18481900497315,0.09510411919716273,0.6815795209129996,0.39230449168829623,0.08321610429751738,0.03566404469893602
"Greiz, Landkreis",68.30469682897706,30.078280482950774,0.07794878598912035,0.7214408916014329,0.7048560435186414,0.08292424041395781,0.029852726549024808
"Altenburger Land, Landkreis",73.74705848032829,24.77877827262296,0.10890915809331182,0.7701433322312764,0.49398082420895,0.06612341741379646,0.03500651510142165
"Hamburg, kreisfreie Stadt",65.85720396520252,31.094161124899898,0.4221607667782481,0.6990833080492814,1.5979935239667942,0.3111181851190506,0.018279125984212802
"Braunschweig, kreisfreie Stadt",62.36319714315724,34.43615866680671,0.5587648356265098,0.9795889787487309,1.1056261597171166,0.5426600847249938,0.014004131218709519
"Salzgitter, kreisfreie Stadt",66.28609323750291,31.555929955370743,0.13084078647859052,1.401609520907641,0.4857240155575072,0.13084078647859052,0.008961697704013049
"Wolfsburg, kreisfreie Stadt",58.54956942566365,38.77375275781083,1.461817664223187,0.47541100277560316,0.2868123265248025,0.4433848124688634,0.009252010533058146
"Gifhorn, Landkreis",61.89532449406839,36.21307280762968,0.16375901372412188,0.973249592928588,0.6029309141660851,0.141428239125378,0.010234938357757618
"Goslar, Landkreis",66.67040554350805,31.445200528427925,0.13958473541214886,0.9484284254343328,0.6505645704030509,0.12712181260749272,0.018694384206984223
"Helmstedt, Landkreis",64.57581146377827,33.52912647518457,0.2514774299006664,1.0166873237412657,0.42571536347469957,0.19040433978193316,0.01077760413859999
"Northeim, Landkreis",66.89206196654538,31.470675728244206,0.1796297567561383,0.9564998512619849,0.3890071165419556,0.0880986705109723,0.02402691013935608
"Peine, Landkreis",67.37603821338182,30.48158842191566,0.19962214379923715,1.3379436542734586,0.4218206014805309,0.1699164676386364,0.013070497510664338
"Wolfenbüttel, Landkreis",67.42326852000643,30.569393111575337,0.21827628689270984,1.1436070491188601,0.5048476083346725,0.11918153088006857,0.021425893191922438
"Göttingen, Landkreis",66.68939336089626,31.280476496961896,0.21054009534302764,0.9561574796277913,0.7041638940099707,0.1450872159617755,0.014181457199271292
"Region Hannover, Landkreis",67.62088472088267,29.93132366118761,0.2623244614995246,1.1002578782841859,0.8709377329967918,0.19135663130245636,0.02291491384676421
"Diepholz, Landkreis",64.75900399228584,33.03278513531785,0.2113563097330648,1.1001914304623508,0.7457960020210502,0.12809473317155443,0.02277239700827634
"Hameln-Pyrmont, Landkreis",69.3267402054013,28.565994674781287,0.21518230723251644,1.081345432809868,0.6368526870618921,0.15540944411237298,0.018475248600771613
"Hildesheim, Landkreis",69.06207470839367,28.95929007761669,0.20880070097378184,0.9563817821388401,0.6618236504079692,0.1367147446852143,0.01491433578384156
"Holzminden, Landkreis",68.44804137961786,29.725993801975342,0.14045883218513813,1.199473836755624,0.36340935946313513,0.10032773727509867,0.0222950527277997
"Nienburg (Weser), Landkreis",63.239177713338854,34.04101077050539,0.3106876553438277,1.3411350455675228,0.9191176470588236,0.12945318972659486,0.01941797845898923
"Schaumburg, Landkreis",68.66006705103989,29.05149480304993,0.21756974593787393,1.2381696450646282,0.6912784200480632,0.12164126704708408,0.019779067812533996
"Celle, Landkreis",64.22454370138831,33.866176779724526,0.18462157147688119,1.019988484000987,0.5237037646349154,0.15994443073492182,0.02102126803944687
"Cuxhaven, Landkreis",63.05728925567067,34.54594793046754,0.1612208086580363,1.4046961546442767,0.7063386913978323,0.10615033441345954,0.018356824748192252
"Harburg, Landkreis",63.48311221969176,34.07981780717926,0.26027545819325454,0.9200014459747676,1.0573690489100964,0.17652941956162865,0.022894600489221463
"Lüchow-Dannenberg, Landkreis",59.576815733108326,37.47322645550724,0.16550918413708054,2.2457324592717596,0.4121503212825339,0.11683001233205685,0.009735834361004739
"Lüneburg, Landkreis",63.03937432578209,34.8137232239174,0.30339805825242716,0.8909308059793496,0.7599398982894129,0.1810756665125597,0.01155802126675913
"Osterholz, Landkreis",66.51973856931643,31.198960909756668,0.2777355570601484,1.3596606375481892,0.4753285155656271,0.14923104558455735,0.019344765168368545
"Rotenburg (Wümme), Landkreis",57.011314449253845,40.94266338402468,0.18309320866404175,1.084338420243354,0.6434926362755642,0.11998826781381376,0.015109633724702474
Heidekreis,61.3601693950502,36.67493909519364,0.16393069374558866,1.2169577195419048,0.43373329386853665,0.1377473190501127,0.012522483550010247
"Stade, Landkreis",64.26376573312156,33.63795263901415,0.2362462388162148,0.8316506109678913,0.8731533285977668,0.1396726074082351,0.017558842074178127
"Uelzen, Landkreis",64.9453402327676,33.330978577609805,0.18543701322784029,0.8371156597142503,0.5386503717570599,0.14834961058227222,0.014128534341168784
"Verden, Landkreis",64.64158058508485,33.37921780471723,0.18623697208758921,1.0526437552776782,0.5934134576455482,0.1272426517368622,0.01966477345024234
"Delmenhorst, kreisfreie Stadt",69.57096644707327,27.704186441878587,0.1652853533564733,1.303393072182475,1.1168567448230267,0.1204221860168591,0.018889754669311233
"Emden, kreisfreie Stadt",67.74062487303458,30.101978629179705,0.14626416934140496,1.4504530126355992,0.3819119977247796,0.15438995652703857,0.024377361556900824
"Oldenburg (Oldenburg), kreisfreie Stadt",62.76271874436225,34.17034999097962,0.29767274039328884,1.5560165975103735,0.993370016236695,0.1961933970773949,0.02367851344037525
"Osnabrück, kreisfreie Stadt",64.5570660468174,32.391819868047236,0.35570895259561874,1.1316944894461272,1.2432203986757766,0.3075767180859806,0.012913526331854148
"Wilhelmshaven, kreisfreie Stadt",70.85602534904446,26.826913555797603,0.1039706901673433,1.4432121992276463,0.6510545598574116,0.09406871967521536,0.024754926230319833
"Ammerland, Landkreis",61.52690863579474,36.20525657071339,0.19148936170212766,1.4080100125156445,0.5193992490613266,0.11639549436795996,0.03254067584480601
"Aurich, Landkreis",63.34461630746818,33.96289472556665,0.2065212734050302,1.8818286987445907,0.4661725009640516,0.12596940742962423,0.011997086421868976
"Cloppenburg, Landkreis",50.03676616717676,48.025557454588814,0.13514050637942684,1.3464366628244366,0.3388449461425335,0.10433642036646926,0.012917842521562861
"Emsland, Landkreis",52.685381224001794,45.10374374174907,0.14347273768899294,1.4466834383640124,0.49069668966547936,0.12304779933743494,0.006974369193214936
"Friesland, Landkreis",63.70330924305819,33.63103841764929,0.18866489159376187,1.7786230505895777,0.5888170406998859,0.0791175351844808,0.030429821224800303
"Grafschaft Bentheim, Landkreis",50.27203868994702,46.15056363571708,0.43146877185496013,2.370707537664616,0.5997890070291478,0.1623934663300262,0.013038891457155389
"Leer, Landkreis",60.71833648393194,36.59541466724831,0.16770878774659492,1.948524065726334,0.4013377926421404,0.15413697833357567,0.014541224371092046
"Oldenburg, Landkreis",61.04540388970773,36.37463900971828,0.21090220608500795,1.5901547015613953,0.6386981582006207,0.11983079891193635,0.020371235815029178
"Osnabrück, Landkreis",63.37135779936119,34.529691675901184,0.1816483062816418,1.1207439758381679,0.634899941333681,0.14818677617712883,0.01347152510701171
"Vechta, Landkreis",54.2691073528908,43.75192700779939,0.1621541377853399,0.967215173973119,0.6771648148359617,0.15758641559420355,0.01484509712119309
"Wesermarsch, Landkreis",62.020534495333926,35.407978156383834,0.16644536290699632,1.791625367021376,0.48063436255166353,0.10472966654822241,0.028052589253988142
"Wittmund, Landkreis",62.555212934411195,34.877906492207686,0.1166763896991416,1.8334861238436535,0.5111537072533822,0.09445231547073367,0.011112037114203962
"Bremen, kreisfreie Stadt",66.55150908404589,30.792617879240453,0.26669511414550884,1.0704731581625115,1.0877057655380675,0.21376639149201554,0.017232607375555955
"Bremerhaven, kreisfreie Stadt",67.85116974598115,29.433524191802924,0.20069653503335103,1.1549888829860495,1.1884383054916081,0.1416681423764831,0.029514196328433977
"Düsseldorf, kreisfreie Stadt",62.015062378099415,34.572834902463626,0.3639915620137897,1.0703388239636262,1.503374239960801,0.4556258014018766,0.018772292096865026
"Duisburg, kreisfreie Stadt",72.007474868975,24.663630896125095,0.11942606753157488,2.2553483976286626,0.8054815705816651,0.13231377266088154,0.016324426497121746
"Essen, kreisfreie Stadt",72.61396438195746,24.199518564047075,0.23900589981612294,1.5953130189732334,0.9625294905202315,0.3739175395404101,0.015751105145475154
"Krefeld, kreisfreie Stadt",69.62036967308448,27.13139376291722,0.18157324430387162,1.9320397285605508,0.8894578741705784,0.23177782798236146,0.013387888980930627
"Mönchengladbach, kreisfreie Stadt",69.89902619569513,26.97976930540084,0.23141327392288621,1.898020051025908,0.7689819971971684,0.20194760860972366,0.02084156814833447
"Mülheim an der Ruhr, kreisfreie Stadt",73.76438332962833,23.369007166523758,0.285814093810537,1.3496776652164248,0.9950564747477955,0.2275927043306128,0.00846856574253443
"Oberhausen, kreisfreie Stadt",75.22626457752021,21.89489876225227,0.12073406310367032,1.8664591829434072,0.7449738856693139,0.13414895900407814,0.012520569507047292
"Remscheid, kreisfreie Stadt",71.74255579136923,25.728342658691876,0.20901665701974406,1.1399446909769118,0.9502218792205287,0.21223229789697085,0.017686024824747574
"Solingen, kreisfreie Stadt",72.9424674713905,24.1469404817892,0.2748602184250405,1.3042796676595076,1.1140722161258296,0.20274860218425042,0.014631342425667555
"Wuppertal, kreisfreie Stadt",71.21872005416789,25.7991771530874,0.30756342061019204,1.3823139556902102,0.9823667464265835,0.28518473888668927,0.024673931131041528
"Kleve, Landkreis",59.13725611548638,36.70323322657342,0.17329145456514675,3.171852516594204,0.6379807419556147,0.16142924190146113,0.014956702923777548
"Mettmann, Landkreis",69.06623038235472,27.937681364331063,0.2716677775757943,1.2267129882108976,1.2297427403771706,0.2565190167444303,0.011445730405919462
Rhein-Kreis Neuss,68.9047376464595,28.170438832690486,0.2696310312204352,1.3885452296048322,1.0399534240593844,0.2055891128738811,0.02110472309147806
"Viersen, Landkreis",66.9866150518528,29.4817893840597,0.23744929743565335,2.5183375376137667,0.6108105535371484,0.1422580423389549,0.022740133161989074
"Wesel, Landkreis",68.71449618099939,27.80573773061156,0.18703176753727574,2.3833489483381336,0.7240950553258776,0.17066213425189034,0.014628182935876314
"Bonn, kreisfreie Stadt",59.378370204680195,37.619044901825404,0.27960216606086197,0.9301051646514389,1.4339596802264207,0.34351123258905897,0.015406649966618923
"Köln, kreisfreie Stadt",67.44224899860231,29.191098868410435,0.3151906832323446,1.118142514272209,1.5751384434836824,0.33169387996267424,0.02648661203633148
"Leverkusen, kreisfreie Stadt",70.10317190566514,26.77426074753034,0.20393171576743013,1.2904711261197057,1.3551591434867938,0.2565592553203153,0.016446106110276623
"Städteregion Aachen, Landkreis",67.60889366214415,28.87143478615514,0.3357894450637592,2.0150765382419316,0.9312379346909921,0.2202343728758259,0.01733326082819
"Düren, Landkreis",67.46498746141381,29.796856419324826,0.2304388813239761,1.59582006050561,0.7233562745303421,0.159582006050561,0.028958896850874
Rhein-Erft-Kreis,70.00915604102761,27.497336910245863,0.20271546088375392,1.1920666645290696,0.8985033257448636,0.166732575911418,0.03348902165742156
"Euskirchen, Landkreis",64.12472488285952,33.07387326589928,0.2584375647052508,1.4816064540372242,0.9263874722965667,0.11656531108367395,0.018405049118474834
"Heinsberg, Landkreis",62.8867897612742,32.85410373935533,0.19165048904987253,3.105482196351818,0.8124988370722752,0.13334904577903753,0.016125931117465003
Oberbergischer Kreis,66.43102380818371,31.290032081949683,0.21613102943659593,1.1493217763268981,0.7125569876737773,0.17898350875218103,0.021950807677154276
Rheinisch-Bergischer Kreis,70.50535682663362,26.579931822206483,0.3198601027094032,1.1853639100407296,1.1604613068886134,0.2357446431733664,0.013281388347795289
Rhein-Sieg-Kreis,68.28298345822064,28.91856040486911,0.2549498680307574,1.3589154824844538,0.9843897682298689,0.18004472517984044,0.020156292985337658
"Bottrop, kreisfreie Stadt",75.72712619977638,21.310642252457633,0.16698854313386674,1.923998431759769,0.7144205497553254,0.14375535452393745,0.013068668593085222
"Gelsenkirchen, kreisfreie Stadt",74.6594271222811,22.117729297395712,0.1739441427967617,1.9719088337614203,0.8957310530936047,0.1715056735052183,0.009753877166173553
"Münster, kreisfreie Stadt",62.8838270029593,34.1677300247061,0.5076969022344093,1.2448076453180572,0.9054380582629707,0.2701381912958488,0.02036217522330519
"Borken, Landkreis",57.53506124622759,39.29211787679744,0.2227942481803657,2.2896325226344754,0.49884608556719334,0.14956506302148057,0.011982957571453932
"Coesfeld, Landkreis",61.70221864287191,35.526794050359555,0.2544347912850739,1.5130674002751032,0.8659335333651674,0.12757374689083537,0.009977834952355838
"Recklinghausen, Landkreis",73.36720231503789,23.791128130133533,0.16286415495200016,1.648365582126645,0.865039715748513,0.146521385077924,0.018878716923501748
"Steinfurt, Landkreis",61.506091212945876,36.066921152125076,0.22574930138262317,1.3855454694891416,0.6732297126993114,0.13260031780241457,0.009862833555551497
"Warendorf, Landkreis",65.08286012284158,32.72395410823965,0.2109166763240236,1.2121914474446633,0.6159462278363658,0.1442809131996755,0.00985050411403407
"Bielefeld, kreisfreie Stadt",65.46532608506466,31.62395641756061,0.6097596351885265,1.1232108979305302,0.9572820152817021,0.20596067601515405,0.014504272958813666
"Gütersloh, Landkreis",64.95536298662199,32.947613686938766,0.28187204928833853,1.0275676100217295,0.6021415294394847,0.1688614289080294,0.016580708781666974
"Herford, Landkreis",68.63725665297375,29.150525648052916,0.2580510066452753,1.1085723435835217,0.6626799120532607,0.163822357440676,0.019092079250605097
"Höxter, Landkreis",64.26412306038826,33.68710955867535,0.1992790130091131,1.2807594993394684,0.4578939119141981,0.09180269138622063,0.019032265287387204
"Lippe, Landkreis",66.40702240702241,31.29036729036729,0.24162624162624163,1.312081312081312,0.558096558096558,0.1690921690921691,0.021714021714021713
"Minden-Lübbecke, Landkreis",67.07611849552404,30.651053123285372,0.24221094101422122,1.1433345031957014,0.7162523541420542,0.15669564959491455,0.014334933243698809
"Paderborn, Landkreis",62.886806925268466,34.35404339250493,0.3473591935130397,1.4146394915625684,0.7840236686390534,0.20326539557308787,0.009861932938856016
"Bochum, kreisfreie Stadt",75.32348731870694,22.011400130821173,0.2837737482233403,1.325425045861182,0.8129601487230181,0.22967476675961854,0.013278840904731694
"Dortmund, kreisfreie Stadt",71.11618642030429,26.198784215406807,0.25620771370676926,1.2703918672940206,0.8860802967338668,0.2582683655596387,0.014081120994607961
"Hagen, kreisfreie Stadt",72.1063829787234,25.53191489361702,0.22492401215805474,1.0790273556231003,0.8571428571428572,0.1833839918946302,0.017223910840932118
"Hamm, kreisfreie Stadt",69.44666871984396,28.298942613694695,0.18683913355918283,1.183656708756801,0.7340108818396468,0.13653628990863362,0.013345652397084488
"Herne, kreisfreie Stadt",75.91574502053587,21.14357079401048,0.140339131442403,1.8694717326088917,0.7712214654495358,0.13905161647504152,0.02060023947778393
Ennepe-Ruhr-Kreis,72.60898212929477,24.78661281479954,0.24796672316753599,1.3072322789298703,0.8102928823993925,0.22382391847779615,0.015089252931087382
Hochsauerlandkreis,63.88277421560571,34.33400711368094,0.17994133912344576,0.8751147126036912,0.5896077878611573,0.12355971953143276,0.014995111593620478
Märkischer Kreis,69.42964036962559,28.35521351448517,0.1548666448062389,1.0331027453273336,0.8414947791767574,0.16948415974968495,0.016197786829223966
"Olpe, Landkreis",65.27911399485401,33.05403288958497,0.20360219263899768,0.6376552187045531,0.6287056717753664,0.17563485848528917,0.021255173956818436
"Siegen-Wittgenstein, Landkreis",68.212108644893,29.924498503036535,0.176681456400584,0.6430977769950518,0.835686245547457,0.1948608988598081,0.013066474267567305
"Soest, Landkreis",65.53015165218854,32.191384641272116,0.29236690995519843,1.203121384851608,0.5694844666933092,0.19876743158824645,0.014723513450981218
"Unna, Landkreis",70.80794591436441,26.743594023871132,0.24163258492613304,1.2469743760954843,0.7862448877389199,0.15148985894332692,0.02211835406059594
"Darmstadt, kreisfreie Stadt",65.93853673187981,30.775321856185233,0.5433669638346963,0.995262604611793,1.3324777806599586,0.4000163829235327,0.015017679904979044
"Frankfurt am Main, kreisfreie Stadt",59.2976681996503,37.55094844179315,0.3793767172600244,0.6993931735699908,1.5848014222953615,0.4675355206511997,0.020276524779970318
"Offenbach am Main, kreisfreie Stadt",64.87057208721207,32.20124236718461,0.3009132982561107,0.9009801678779454,1.4588135921305014,0.22700476885987295,0.04047371847889208
"Wiesbaden, kreisfreie Stadt",68.96013463250448,28.588065999195134,0.34755673711296203,0.7298691479372202,0.9975488103803613,0.3573127156985891,0.01951195717125401
"Bergstraße, Landkreis",68.01229110265811,29.721965205670358,0.3067064185600219,0.7853283529237062,0.9418228756154119,0.21532275567435433,0.016563288898027256
"Darmstadt-Dieburg, Landkreis",68.71548390177136,28.42455397641367,0.30132785850322813,1.0588915591064143,1.2286537329110498,0.2578263014657903,0.013262669828487155
"Groß-Gerau, Landkreis",68.08787397022691,29.484657873404675,0.3896014126193154,0.9413272840382814,0.8407849840074904,0.24192990944909104,0.013824566254233773
Hochtaunuskreis,65.80592777853506,31.181584889557932,0.4462724691965318,0.6216996284026053,1.5444701921994182,0.36981941670469565,0.03022562540374916
Main-Kinzig-Kreis,66.62263865917288,30.998299563464244,0.21265140276330619,0.783207898702013,1.2054119588331673,0.1572613288194942,0.020529188244909343
Main-Taunus-Kreis,65.59181128546192,31.62475319546919,0.2613530084173335,0.4816585264470539,1.7349059544840486,0.29096955211472514,0.014548477605736255
Odenwaldkreis,66.63567432391272,30.85394591301839,0.24045783171157886,0.9922893188631154,1.0772510860678732,0.1939693175806736,0.006412208845642103
"Offenbach, Landkreis",68.28321566035717,29.23471453637468,0.22479649633949392,0.8079642187274564,1.1854175490200642,0.24667110364375108,0.017220435537393945
Rheingau-Taunus-Kreis,68.18881182171978,29.40866717679099,0.3496819950797686,0.8219583837286796,0.9034137190531434,0.30278346868083494,0.024683434946807196
Wetteraukreis,66.81548397902252,30.881075253059215,0.24023615370926715,0.7264657545718144,1.0336958683568684,0.2852477206351865,0.017795270645130902
"Gießen, Landkreis",65.0317704761042,32.40976796552483,0.2898813298306006,1.0249375590439094,1.0184669936459048,0.20252869695754017,0.022646978893015673
Lahn-Dill-Kreis,65.97185586867708,32.264535204701325,0.1938436246304089,0.7661730606436099,0.6287649216650922,0.14967672281588534,0.02515059686660369
"Limburg-Weilburg, Landkreis",65.16376888346333,32.44769179674527,0.256716364321811,1.004425215650722,0.9155618587700953,0.1884980297467843,0.023337851301982817
"Marburg-Biedenkopf, Landkreis",67.36266362958901,30.695575146581177,0.26152613152233517,0.8696446900352919,0.6826394454521169,0.11318738487929023,0.014763571940776987
Vogelsbergkreis,64.38419245904385,33.744522899165524,0.15908012614774916,0.8079595880661996,0.7870279925204431,0.0934944601043789,0.02372247495185733
"Kassel, kreisfreie Stadt",65.45220983156332,31.885582662428984,0.31893334514567945,1.1107296707677654,0.9667667024728408,0.25248889824032955,0.013288889381069978
"Fulda, Landkreis",63.75612680277866,34.471596318629004,0.2059310977114849,0.7405056595789696,0.6826756937832787,0.12271236644451496,0.02045206107408583
"Hersfeld-Rotenburg, Landkreis",64.55763802354856,33.70165043358849,0.18437047020827504,0.9892429367037103,0.43613152607888517,0.10680772067238004,0.02415888919970501
"Kassel, Landkreis",68.45277963831212,29.409912926992632,0.24581379772270598,1.0636302746148694,0.6436704621567314,0.16275954454119224,0.021433355659745478
Schwalm-Eder-Kreis,65.69921290464394,32.122959343269955,0.2240389574156895,1.254618161527861,0.5579838184692644,0.12089649400167395,0.020290320671609612
"Waldeck-Frankenberg, Landkreis",64.59579763557173,33.4456516536639,0.20676781697219165,1.140094768582779,0.487244531661322,0.1081702005456373,0.016273393002441006
Werra-Meißner-Kreis,65.13647047536816,33.10468332773701,0.1343118913992421,1.1096720551318335,0.3821493100526055,0.11352552725412131,0.019187413057034586
"Koblenz, kreisfreie Stadt",63.887057789496815,34.06472674765358,0.21188435822582166,0.723545845497065,0.8271337539630222,0.27309539504661456,0.012556110117085729
"Ahrweiler, Landkreis",66.38802260416911,31.35273290032124,0.1782071423546791,1.1817947335099772,0.7093113231880319,0.17703472694445094,0.012896569512509674
"Altenkirchen (Westerwald), Landkreis",66.96267865018535,31.089602231413828,0.16687923903067003,0.985779504845458,0.6496370376551084,0.12039145101498337,0.025031885854600505
"Bad Kreuznach, Landkreis",66.86177983230273,31.183086189990195,0.22012767405094955,0.8855135978867744,0.6833963698945389,0.1540893718356647,0.012006964039142703
"Birkenfeld, Landkreis",67.78186556296467,30.568329884264582,0.13987889936383843,0.5192764620219208,0.8392733961830305,0.1264658542193608,0.024909940982601363
"Cochem-Zell, Landkreis",59.38643468146461,38.96818280950881,0.1550876002617103,1.0177623767174742,0.368333050621562,0.08966001890130128,0.014539462524535344
"Mayen-Koblenz, Landkreis",66.74004041570439,31.45352193995381,0.19413972286374134,0.8119226327944573,0.6401558891454965,0.1450635103926097,0.015155889145496535
"Neuwied, Landkreis",65.57483839716714,32.13015082931066,0.20210793565952329,1.2310210626534601,0.6956855801834004,0.14782274632948605,0.018373448696320297
Rhein-Hunsrück-Kreis,58.93812398089081,39.222473324369936,0.19738535915553393,0.8038447235174643,0.7251766455931573,0.10012300826729983,0.01287295820579569
Rhein-Lahn-Kreis,67.67223603804001,30.39202209420027,0.17120505867209856,1.042226415565914,0.5785981179940266,0.12246785218880045,0.021244423338873546
Westerwaldkreis,63.868821710651645,34.35004322787685,0.18609967322655804,0.8345178260041324,0.5810119719238603,0.1626540451035271,0.016851545213428486
"Trier, kreisfreie Stadt",61.442453829503066,36.98442670947622,0.23882993071958208,0.3348882499621688,0.8086005092406787,0.17764209722944121,0.013158673868847497
"Bernkastel-Wittlich, Landkreis",59.899137572595464,38.72875786311145,0.1703394718135118,0.4426143755784165,0.6344139383290637,0.11400673310353153,0.010730045468567673
Eifelkreis Bitburg-Prüm,53.62459301885364,44.774740667827665,0.181721814189445,0.4482471416672977,0.8707503596577573,0.08328916483682895,0.016657832967365793
"Vulkaneifel, Landkreis",58.166699180647676,40.25068279360125,0.1316816230979321,0.7266874756145143,0.5633047210300429,0.138997268825595,0.021946937182988686
"Frankenthal (Pfalz), kreisfreie Stadt",68.42652023893444,29.198975995250994,0.1929284309724335,0.771713723889734,1.1353096130300893,0.2597113493859682,0.014840648536341039
"Kaiserslautern, kreisfreie Stadt",69.29018916124323,28.118727571315617,0.27978833404294146,0.7765139995539606,1.3218985057681,0.19260791111651765,0.020274516959633438
"Landau in der Pfalz, kreisfreie Stadt",68.65433442147261,29.100471527022126,0.30830612985128764,0.758070366340225,0.9321726514327167,0.23213638012332247,0.014508523757707654
"Ludwigshafen am Rhein, kreisfreie Stadt",68.87629433005715,28.678527871439847,0.46153478250472296,0.7293684386732668,0.932635052729751,0.3048999210847263,0.016739603510533992
"Mainz, kreisfreie Stadt",67.13245620150794,30.399490055078036,0.3794707329462267,0.7440016732567752,0.9979781480633049,0.3316633965120564,0.014939792635678217
"Neustadt an der Weinstraße, kreisfreie Stadt",68.00024265218842,30.167733325244928,0.2881494737480664,0.7340228699687585,0.5853984045618612,0.20928751251175345,0.01516576177621402
"Pirmasens, kreisfreie Stadt",69.61133814450918,28.25841231197287,0.199982610207808,0.6173376228154073,1.1564211807668898,0.15216068167985392,0.004347448047995826
"Speyer, kreisfreie Stadt",67.94343158970864,29.9914806611007,0.23172601806099846,0.879195774407906,0.7360708808996421,0.21468734026239564,0.0034077355597205657
"Worms, kreisfreie Stadt",69.49388572174594,28.121328169197962,0.22846947212672442,0.6854084163801731,1.0422559728447713,0.4112450498281039,0.017407197876321858
"Zweibrücken, kreisfreie Stadt",67.94080218692558,29.80628741103832,0.1885280671159919,0.5655842013479757,1.3432624782014422,0.12725644530329452,0.028279210067398784
"Alzey-Worms, Landkreis",65.03097718952408,33.11508495259552,0.24640946212334552,0.8143246033981039,0.5995963578334741,0.17483338026846898,0.018774054257016802
